q =	1.0	2.0	3.0
***********************
    freq (    1) = 	-3.4532 [THz] = -122.81811 [cm-1]
(  0.000 0.000 0.000 0.000 0.000 0.000 )
(  0.000 0.000 0.000 0.000 0.000 0.000 )
(  0.000 0.000 0.000 0.000 0.000 0.000 )
(  0.000 0.000 0.000 0.000 0.000 0.000 )
(  0.000 0.000 0.000 0.000 0.000 0.000 )
    freq (    2) = 	-5.678 [THz] = -244.81811 [cm-1]
(  0.000 0.000 0.000 0.000 0.000 0.000 )
(  0.000 0.000 0.000 0.000 0.000 0.000 )
(  0.000 0.000 0.000 0.000 0.000 0.000 )
(  0.000 0.000 0.000 0.000 0.000 0.000 )
(  0.000 0.000 0.000 0.000 0.000 0.000 )
***********************
q =	4.0	5.0	6.0
***********************
    freq (    1) = 	-5.678 [THz] = -244.81811 [cm-1]
(  0.000 0.000 0.000 0.000 0.000 0.000 )
(  0.000 0.000 0.000 0.000 0.000 0.000 )
(  0.000 0.000 0.000 0.000 0.000 0.000 )
(  0.000 0.000 0.000 0.000 0.000 0.000 )
(  0.000 0.000 0.000 0.000 0.000 0.000 )
    freq (    2) = 	-3.4532 [THz] = -122.81811 [cm-1]
(  0.000 0.000 0.000 0.000 0.000 0.000 )
(  0.000 0.000 0.000 0.000 0.000 0.000 )
(  0.000 0.000 0.000 0.000 0.000 0.000 )
(  0.000 0.000 0.000 0.000 0.000 0.000 )
(  0.000 0.000 0.000 0.000 0.000 0.000 )
